19
22
25
50
51
59
61
94
109
382
435
440
445
481
513
537
585
600
646
652
662
1218
1222
1245
9985
10004
10011
10012
10013
10014
10015
10029
10031
10040
10061
10067
10068
10069
10072
10075
10077
10080
10081
10087
10088
10091
10092
10097
10109
10111
10114
10125
10126
10127
10132
10137
10138
10141
10150
10158
10160
10161
10162
10163
10166
10169
10171
10177
10178
10179
10185
10188
10196
10197
10203
10206
10209
10219
10221
10222
10240
10246
10251
10278
10291
10233
10235
10236
10237
10243
10255
10256
10257
10258
10261
10262
10264
10265
10268
10270
10272
10277
10280
10281
10282
10285
10286
10287
10289
10290
10292
10293
10294
10295
10298
10299
10300
10301
10302
10303
10304
10305
10306
10307
10308
10309
10310
10311
10312
10313
10314
10315
10316
10317
10360
10361
10364
10365
10371
10372
10375
10378
10379
10380
10381
10385
10392
10393
10395
10396
10400